A = 
[[  2.62288448e-01  -2.50392314e-02   6.55113902e+01]
 [ -1.87148345e-01   3.19112520e-01   1.64666072e+02]
 [ -6.45516066e-04  -4.27650757e-05   1.00000000e+00]]

B = 
[[  7.22561077e-01   1.26462882e-02   9.22722706e+01]
 [  1.12108933e-01   5.75742786e-01   6.13471329e+01]
 [  4.97461471e-04   3.37405991e-05   1.00000000e+00]]

M = 
[[  3.04995820e+06   1.89011494e+06   8.14704717e+03 ...,  -1.05188615e+05
   -1.29938342e+05  -1.57118764e+05]
 [  1.89011494e+06   1.54645768e+06   5.92512521e+03 ...,  -9.01616701e+04
   -9.74537565e+04  -1.04745843e+05]
 [  8.14704717e+03   5.92512521e+03   2.55393328e+01 ...,  -2.59085259e+02
   -2.80039530e+02  -3.00993801e+02]
 ..., 
 [  1.05188615e+05   9.01616701e+04   2.59085259e+02 ...,  -1.66787000e+05
    0.00000000e+00   0.00000000e+00]
 [  1.29938342e+05   9.74537565e+04   2.80039530e+02 ...,   0.00000000e+00
   -1.86130000e+05   0.00000000e+00]
 [  1.57118764e+05   1.04745843e+05   3.00993801e+02 ...,   0.00000000e+00
    0.00000000e+00  -2.07155000e+05]]

MInv = 
[[  3.75219320e-04   1.35404812e-04  -4.32827226e-02 ...,  -4.70998390e-04
   -4.88426179e-04  -5.03757800e-04]
 [  1.35404814e-04   1.44283260e-04  -3.73537919e-02 ...,  -1.97751313e-04
   -2.02184930e-04  -2.05987173e-04]
 [ -4.32827230e-02  -3.73537916e-02   1.42875333e+01 ...,   4.71159795e-02
    4.96338427e-02   5.18284077e-02]
 ..., 
 [  4.70998390e-04   1.97751311e-04  -4.71159792e-02 ...,  -6.49451711e-04
   -6.61621902e-04  -6.77562116e-04]
 [  4.88426179e-04   2.02184928e-04  -4.96338424e-02 ...,  -6.61621902e-04
   -6.86284638e-04  -6.97844478e-04]
 [  5.03757801e-04   2.05987171e-04  -5.18284074e-02 ...,  -6.77562116e-04
   -6.97844478e-04  -7.20480092e-04]]

H_hatInv = 
[[  9.57043218e-01  -4.12901965e-03   5.89377517e+01]
 [ -1.48196064e-01   1.17026430e+00   4.29547173e+01]
 [  4.82199835e-04  -2.72740791e-04   1.00000000e+00]]

condition number = 7.21621127354e+12