A = 
[[  1.02397224e-01  -1.63763022e-02   1.90942639e+02]
 [ -1.86685149e-01   2.67932697e-01   1.88288881e+02]
 [ -6.51754488e-04  -2.41216869e-05   1.00000000e+00]]

B = 
[[  6.72592304e-01   1.66355127e-02   1.91957408e+02]
 [  8.94864733e-02   5.25572651e-01   7.99994684e+01]
 [  3.76437145e-04   3.13955705e-05   1.00000000e+00]]

M = 
[[  2.41578926e+06   1.49710884e+06   6.45305533e+03 ...,  -1.19185149e+05
   -1.44949918e+05  -1.72548173e+05]
 [  1.49710884e+06   1.22490723e+06   4.69313115e+03 ...,  -1.02158699e+05
   -1.08712438e+05  -1.15032115e+05]
 [  6.45305533e+03   4.69313115e+03   2.02290136e+01 ...,  -2.93559479e+02
   -3.12392064e+02  -3.30552056e+02]
 ..., 
 [  1.19185149e+05   1.02158699e+05   2.93559479e+02 ...,  -2.28686000e+05
    0.00000000e+00   0.00000000e+00]
 [  1.44949918e+05   1.08712438e+05   3.12392064e+02 ...,   0.00000000e+00
   -2.51982000e+05   0.00000000e+00]
 [  1.72548173e+05   1.15032115e+05   3.30552056e+02 ...,   0.00000000e+00
    0.00000000e+00  -2.75931000e+05]]

MInv = 
[[  4.45771959e-04   2.09007209e-04  -6.28057171e-02 ...,  -5.52854354e-04
   -5.75908434e-04  -5.97627115e-04]
 [  2.09007213e-04   4.42664523e-04  -8.31137797e-02 ...,  -3.79374881e-04
   -3.87348267e-04  -3.95075697e-04]
 [ -6.28057212e-02  -8.31137822e-02   3.97586735e+01 ...,   3.14415622e-02
    3.55608016e-02   3.93177231e-02]
 ..., 
 [  5.52854346e-04   3.79374868e-04  -3.14415551e-02 ...,  -9.32263883e-04
   -9.50678184e-04  -9.72724061e-04]
 [  5.75908426e-04   3.87348255e-04  -3.55607944e-02 ...,  -9.50678185e-04
   -9.78988004e-04  -9.98509205e-04]
 [  5.97627107e-04   3.95075684e-04  -3.93177156e-02 ...,  -9.72724061e-04
   -9.98509205e-04  -1.02696578e-03]]

H_hatInv = 
[[  8.23264367e-01   1.32056725e-01   9.34327479e+01]
 [ -1.86923069e-01   1.26188628e+00   4.49816361e+01]
 [  6.00601181e-04  -4.20219817e-04   1.00000000e+00]]

condition number = 4.40302463994e+13